x	g(x)	F_p(x)	Anti-derivative(nn)	First-derivative(nn)	Second-derivative(nn)
-1.000	0.353	0.339	-0.021	0.006	-7.920
-0.990	0.355	0.339	-0.018	-0.075	-8.283
-0.980	0.355	0.338	-0.014	-0.159	-8.638
-0.970	0.354	0.336	-0.011	-0.247	-8.983
-0.960	0.352	0.333	-0.007	-0.339	-9.315
-0.950	0.349	0.329	-0.004	-0.434	-9.634
-0.940	0.345	0.324	-0.001	-0.532	-9.935
-0.930	0.339	0.318	0.002	-0.632	-10.218
-0.920	0.333	0.311	0.005	-0.736	-10.479
-0.910	0.325	0.303	0.009	-0.842	-10.717
-0.900	0.315	0.294	0.012	-0.950	-10.929
-0.890	0.305	0.284	0.014	-1.060	-11.113
-0.880	0.293	0.273	0.017	-1.172	-11.267
-0.870	0.279	0.261	0.020	-1.286	-11.387
-0.860	0.265	0.248	0.022	-1.400	-11.473
-0.850	0.249	0.233	0.025	-1.515	-11.521
-0.840	0.231	0.217	0.027	-1.630	-11.529
-0.830	0.213	0.200	0.029	-1.745	-11.496
-0.820	0.193	0.182	0.031	-1.860	-11.418
-0.810	0.172	0.163	0.033	-1.974	-11.296
-0.800	0.150	0.143	0.034	-2.086	-11.125
-0.790	0.126	0.121	0.036	-2.196	-10.906
-0.780	0.102	0.099	0.037	-2.304	-10.636
-0.770	0.076	0.075	0.038	-2.408	-10.314
-0.760	0.049	0.051	0.038	-2.510	-9.939
-0.750	0.021	0.025	0.039	-2.607	-9.511
-0.740	-0.007	-0.001	0.039	-2.700	-9.028
-0.730	-0.037	-0.029	0.039	-2.787	-8.491
-0.720	-0.067	-0.057	0.038	-2.869	-7.899
-0.710	-0.098	-0.086	0.038	-2.945	-7.252
-0.700	-0.129	-0.116	0.036	-3.014	-6.551
-0.690	-0.161	-0.146	0.035	-3.076	-5.798
-0.680	-0.194	-0.177	0.034	-3.130	-4.992
-0.670	-0.226	-0.209	0.032	-3.176	-4.136
-0.660	-0.259	-0.241	0.029	-3.213	-3.231
-0.650	-0.292	-0.273	0.027	-3.240	-2.279
-0.640	-0.325	-0.306	0.024	-3.258	-1.283
-0.630	-0.359	-0.338	0.021	-3.266	-0.246
-0.620	-0.391	-0.371	0.017	-3.263	0.829
-0.610	-0.424	-0.404	0.013	-3.249	1.939
-0.600	-0.456	-0.436	0.009	-3.224	3.080
-0.590	-0.488	-0.468	0.005	-3.187	4.248
-0.580	-0.519	-0.500	0.000	-3.139	5.437
-0.570	-0.549	-0.531	-0.005	-3.079	6.645
-0.560	-0.578	-0.561	-0.011	-3.006	7.865
-0.550	-0.606	-0.591	-0.017	-2.921	9.092
-0.540	-0.634	-0.620	-0.023	-2.824	10.321
-0.530	-0.660	-0.647	-0.029	-2.715	11.546
-0.520	-0.684	-0.674	-0.036	-2.593	12.762
-0.510	-0.708	-0.699	-0.043	-2.460	13.962
-0.500	-0.729	-0.723	-0.050	-2.314	15.140
-0.490	-0.749	-0.745	-0.057	-2.157	16.291
-0.480	-0.768	-0.766	-0.065	-1.988	17.407
-0.470	-0.784	-0.785	-0.072	-1.809	18.484
-0.460	-0.799	-0.802	-0.080	-1.619	19.513
-0.450	-0.812	-0.817	-0.088	-1.419	20.491
-0.440	-0.823	-0.830	-0.097	-1.209	21.409
-0.430	-0.831	-0.842	-0.105	-0.991	22.264
-0.420	-0.838	-0.850	-0.113	-0.764	23.048
-0.410	-0.842	-0.857	-0.122	-0.530	23.757
-0.400	-0.844	-0.861	-0.130	-0.289	24.386
-0.390	-0.843	-0.863	-0.139	-0.043	24.929
-0.380	-0.840	-0.862	-0.148	0.209	25.383
-0.370	-0.835	-0.858	-0.156	0.465	25.742
-0.360	-0.828	-0.852	-0.165	0.724	26.004
-0.350	-0.818	-0.844	-0.173	0.984	26.166
-0.340	-0.805	-0.833	-0.182	1.246	26.224
-0.330	-0.791	-0.819	-0.190	1.509	26.176
-0.320	-0.773	-0.803	-0.198	1.770	26.021
-0.310	-0.754	-0.784	-0.206	2.029	25.758
-0.300	-0.732	-0.762	-0.214	2.284	25.386
-0.290	-0.708	-0.738	-0.221	2.536	24.905
-0.280	-0.682	-0.711	-0.229	2.782	24.315
-0.270	-0.653	-0.682	-0.236	3.022	23.619
-0.260	-0.623	-0.651	-0.242	3.254	22.817
-0.250	-0.590	-0.617	-0.249	3.478	21.912
-0.240	-0.556	-0.581	-0.255	3.692	20.907
-0.230	-0.519	-0.543	-0.260	3.896	19.806
-0.220	-0.481	-0.503	-0.265	4.088	18.613
-0.210	-0.441	-0.462	-0.270	4.268	17.333
-0.200	-0.400	-0.418	-0.275	4.434	15.971
-0.190	-0.357	-0.373	-0.279	4.587	14.532
-0.180	-0.313	-0.326	-0.282	4.725	13.022
-0.170	-0.268	-0.279	-0.285	4.847	11.450
-0.160	-0.221	-0.230	-0.288	4.954	9.820
-0.150	-0.174	-0.180	-0.290	5.043	8.141
-0.140	-0.126	-0.129	-0.291	5.116	6.421
-0.130	-0.078	-0.077	-0.292	5.172	4.667
-0.120	-0.029	-0.025	-0.293	5.209	2.887
-0.110	0.021	0.027	-0.293	5.229	1.090
-0.100	0.070	0.079	-0.292	5.231	-0.716
-0.090	0.120	0.131	-0.291	5.215	-2.522
-0.080	0.169	0.183	-0.290	5.181	-4.321
-0.070	0.218	0.235	-0.288	5.129	-6.102
-0.060	0.267	0.286	-0.285	5.059	-7.859
-0.050	0.315	0.336	-0.282	4.972	-9.583
-0.040	0.362	0.385	-0.278	4.867	-11.265
-0.030	0.408	0.433	-0.274	4.746	-12.899
-0.020	0.453	0.480	-0.270	4.610	-14.476
-0.010	0.498	0.525	-0.264	4.457	-15.990
0.000	0.540	0.569	-0.259	4.290	-17.433
0.010	0.582	0.611	-0.253	4.109	-18.800
0.020	0.621	0.651	-0.247	3.914	-20.085
0.030	0.659	0.689	-0.240	3.707	-21.281
0.040	0.696	0.725	-0.233	3.489	-22.385
0.050	0.730	0.759	-0.226	3.260	-23.391
0.060	0.762	0.791	-0.218	3.021	-24.296
0.070	0.792	0.820	-0.210	2.774	-25.098
0.080	0.820	0.846	-0.201	2.520	-25.792
0.090	0.846	0.870	-0.193	2.259	-26.378
0.100	0.869	0.891	-0.184	1.993	-26.853
0.110	0.890	0.910	-0.175	1.722	-27.217
0.120	0.908	0.926	-0.166	1.449	-27.470
0.130	0.924	0.939	-0.157	1.173	-27.612
0.140	0.937	0.949	-0.147	0.897	-27.644
0.150	0.947	0.957	-0.138	0.621	-27.567
0.160	0.955	0.962	-0.128	0.346	-27.384
0.170	0.961	0.964	-0.118	0.073	-27.097
0.180	0.963	0.963	-0.109	-0.196	-26.710
0.190	0.963	0.960	-0.099	-0.461	-26.225
0.200	0.961	0.954	-0.090	-0.720	-25.647
0.210	0.956	0.945	-0.080	-0.973	-24.981
0.220	0.948	0.934	-0.071	-1.219	-24.230
0.230	0.938	0.921	-0.061	-1.458	-23.401
0.240	0.925	0.905	-0.052	-1.687	-22.498
0.250	0.910	0.887	-0.043	-1.907	-21.528
0.260	0.893	0.867	-0.034	-2.117	-20.496
0.270	0.873	0.845	-0.026	-2.317	-19.408
0.280	0.852	0.821	-0.018	-2.505	-18.270
0.290	0.828	0.795	-0.010	-2.682	-17.089
0.300	0.802	0.767	-0.002	-2.847	-15.872
0.310	0.774	0.738	0.006	-3.000	-14.623
0.320	0.745	0.707	0.013	-3.139	-13.350
0.330	0.714	0.675	0.020	-3.267	-12.060
0.340	0.681	0.642	0.027	-3.381	-10.757
0.350	0.647	0.608	0.033	-3.482	-9.449
0.360	0.612	0.572	0.039	-3.570	-8.141
0.370	0.576	0.536	0.044	-3.644	-6.839
0.380	0.538	0.500	0.049	-3.706	-5.548
0.390	0.500	0.462	0.054	-3.756	-4.274
0.400	0.460	0.425	0.059	-3.792	-3.021
0.410	0.421	0.387	0.063	-3.816	-1.795
0.420	0.380	0.348	0.066	-3.828	-0.599
0.430	0.340	0.310	0.070	-3.828	0.562
0.440	0.299	0.272	0.073	-3.817	1.685
0.450	0.258	0.234	0.075	-3.795	2.766
0.460	0.216	0.196	0.077	-3.762	3.801
0.470	0.176	0.158	0.079	-3.719	4.789
0.480	0.135	0.122	0.080	-3.666	5.727
0.490	0.095	0.085	0.081	-3.604	6.613
0.500	0.055	0.049	0.082	-3.534	7.444
0.510	0.016	0.015	0.082	-3.456	8.221
0.520	-0.022	-0.020	0.082	-3.370	8.941
0.530	-0.060	-0.053	0.082	-3.277	9.604
0.540	-0.096	-0.085	0.081	-3.178	10.210
0.550	-0.132	-0.116	0.080	-3.073	10.759
0.560	-0.166	-0.147	0.079	-2.963	11.250
0.570	-0.199	-0.176	0.077	-2.848	11.684
0.580	-0.231	-0.204	0.076	-2.729	12.062
0.590	-0.261	-0.230	0.073	-2.607	12.385
0.600	-0.290	-0.256	0.071	-2.482	12.654
0.610	-0.318	-0.280	0.068	-2.354	12.871
0.620	-0.344	-0.303	0.065	-2.225	13.036
0.630	-0.368	-0.324	0.062	-2.094	13.152
0.640	-0.391	-0.345	0.059	-1.962	13.220
0.650	-0.412	-0.364	0.055	-1.829	13.243
0.660	-0.431	-0.381	0.052	-1.697	13.223
0.670	-0.449	-0.397	0.048	-1.565	13.161
0.680	-0.464	-0.412	0.044	-1.434	13.061
0.690	-0.478	-0.426	0.039	-1.304	12.923
0.700	-0.491	-0.439	0.035	-1.176	12.752
0.710	-0.501	-0.450	0.031	-1.049	12.549
0.720	-0.510	-0.460	0.026	-0.925	12.317
0.730	-0.517	-0.468	0.022	-0.803	12.058
0.740	-0.523	-0.476	0.017	-0.684	11.774
0.750	-0.527	-0.482	0.012	-0.567	11.468
0.760	-0.529	-0.487	0.007	-0.454	11.143
0.770	-0.529	-0.491	0.002	-0.345	10.800
0.780	-0.528	-0.494	-0.003	-0.238	10.441
0.790	-0.526	-0.496	-0.008	-0.136	10.070
0.800	-0.522	-0.497	-0.013	-0.037	9.688
0.810	-0.517	-0.496	-0.018	0.058	9.297
0.820	-0.510	-0.495	-0.022	0.149	8.898
0.830	-0.502	-0.494	-0.027	0.236	8.495
0.840	-0.493	-0.491	-0.032	0.319	8.088
0.850	-0.483	-0.487	-0.037	0.398	7.679
0.860	-0.471	-0.483	-0.042	0.472	7.271
0.870	-0.459	-0.478	-0.047	0.543	6.863
0.880	-0.446	-0.472	-0.052	0.610	6.458
0.890	-0.432	-0.466	-0.056	0.672	6.057
0.900	-0.417	-0.459	-0.061	0.731	5.661
0.910	-0.401	-0.451	-0.065	0.785	5.271
0.920	-0.385	-0.443	-0.070	0.836	4.887
0.930	-0.368	-0.434	-0.074	0.883	4.512
0.940	-0.351	-0.425	-0.079	0.927	4.146
0.950	-0.333	-0.416	-0.083	0.966	3.788
0.960	-0.315	-0.406	-0.087	1.002	3.441
0.970	-0.296	-0.396	-0.091	1.035	3.104
0.980	-0.278	-0.385	-0.095	1.064	2.778
0.990	-0.259	-0.374	-0.099	1.091	2.463
