Testing decomposition of 10 n×n symmetric matrices with 2<=n<=10
Finished tests:
	For 10/10 V'AV = D
	For 10/10 VDV' = A
	For 10/10 V'V = I 
	For 10/10 VV' = I
Testing second-order point differentiation of 10 parabolas of length n with 2<=n<=10 and spanning x_min, x_max € [-10,10]

      1.73     -0.864          0 
    -0.864       1.73     -0.864 
         0     -0.864       1.73 
dfdx != Df
dfdx:      0.221      0.221      0.221 
Df:        1.4     -0.111       4.91 



     0.213     -0.107          0          0          0 
    -0.107      0.213     -0.107          0          0 
         0     -0.107      0.213     -0.107          0 
         0          0     -0.107      0.213     -0.107 
         0          0          0     -0.107      0.213 
dfdx != Df
dfdx:      0.708      0.708      0.708      0.708      0.708 
Df:       2.51     -0.354     -0.354     -0.354       0.24 



     0.106    -0.0528 
   -0.0528      0.106 
dfdx != Df
dfdx:      0.496      0.496 
Df:     -0.234       1.17 



  2.03e+04  -1.02e+04          0          0          0          0          0 
 -1.02e+04   2.03e+04  -1.02e+04          0          0          0          0 
         0  -1.02e+04   2.03e+04  -1.02e+04          0          0          0 
         0          0  -1.02e+04   2.03e+04  -1.02e+04          0          0 
         0          0          0  -1.02e+04   2.03e+04  -1.02e+04          0 
         0          0          0          0  -1.02e+04   2.03e+04  -1.02e+04 
         0          0          0          0          0  -1.02e+04   2.03e+04 
dfdx != Df
dfdx:      0.565      0.565      0.565      0.565      0.565      0.565      0.565 
Df:   7.18e+04     -0.283     -0.283     -0.283     -0.283     -0.283   7.35e+04 



      1.17     -0.585          0          0          0          0          0          0          0 
    -0.585       1.17     -0.585          0          0          0          0          0          0 
         0     -0.585       1.17     -0.585          0          0          0          0          0 
         0          0     -0.585       1.17     -0.585          0          0          0          0 
         0          0          0     -0.585       1.17     -0.585          0          0          0 
         0          0          0          0     -0.585       1.17     -0.585          0          0 
         0          0          0          0          0     -0.585       1.17     -0.585          0 
         0          0          0          0          0          0     -0.585       1.17     -0.585 
         0          0          0          0          0          0          0     -0.585       1.17 
dfdx != Df
dfdx:      0.187      0.187      0.187      0.187      0.187      0.187      0.187      0.187      0.187 
Df:      0.187    -0.0934    -0.0934    -0.0934    -0.0934    -0.0934    -0.0934    -0.0934       2.41 



      5.59       -2.8          0 
      -2.8       5.59       -2.8 
         0       -2.8       5.59 
dfdx != Df
dfdx:       1.59       1.59       1.59 
Df:       85.3     -0.794        138 



     0.094     -0.047          0          0          0          0 
    -0.047      0.094     -0.047          0          0          0 
         0     -0.047      0.094     -0.047          0          0 
         0          0     -0.047      0.094     -0.047          0 
         0          0          0     -0.047      0.094     -0.047 
         0          0          0          0     -0.047      0.094 
dfdx != Df
dfdx:       1.43       1.43       1.43       1.43       1.43       1.43 
Df:       4.54     -0.717     -0.717     -0.717     -0.717       2.87 



  1.36e+03       -678          0          0          0          0          0          0 
      -678   1.36e+03       -678          0          0          0          0          0 
         0       -678   1.36e+03       -678          0          0          0          0 
         0          0       -678   1.36e+03       -678          0          0          0 
         0          0          0       -678   1.36e+03       -678          0          0 
         0          0          0          0       -678   1.36e+03       -678          0 
         0          0          0          0          0       -678   1.36e+03       -678 
         0          0          0          0          0          0       -678   1.36e+03 
dfdx != Df
dfdx:       1.72       1.72       1.72       1.72       1.72       1.72       1.72       1.72 
Df:       49.7     -0.859     -0.859     -0.859     -0.859     -0.859     -0.859        169 



      17.6      -8.78          0          0 
     -8.78       17.6      -8.78          0 
         0      -8.78       17.6      -8.78 
         0          0      -8.78       17.6 
dfdx != Df
dfdx:       1.99       1.99       1.99       1.99 
Df:       38.6     -0.994     -0.994       6.09 



      10.3      -5.16          0          0          0          0          0 
     -5.16       10.3      -5.16          0          0          0          0 
         0      -5.16       10.3      -5.16          0          0          0 
         0          0      -5.16       10.3      -5.16          0          0 
         0          0          0      -5.16       10.3      -5.16          0 
         0          0          0          0      -5.16       10.3      -5.16 
         0          0          0          0          0      -5.16       10.3 
dfdx != Df
dfdx:       1.35       1.35       1.35       1.35       1.35       1.35       1.35 
Df:       88.8     -0.677     -0.677     -0.677     -0.677     -0.677       22.2 


Finished tests:
	For 0/10 Df =~ dfdx
