r     -0.49876     -0.12492     -0.055402
0.1   0.18055      -0.063944    -0.035216
0.2   0.32679      -0.11526     -0.063427
0.3   0.44361      -0.15534     -0.085366
0.4   0.53528      -0.18545     -0.10171
0.5   0.60553      -0.20675     -0.11308
0.6   0.65759      -0.22029     -0.12005
0.7   0.6943       -0.22705     -0.12315
0.8   0.71809      -0.22788     -0.12288
0.9   0.7311       -0.22359     -0.11966
1     0.73515      -0.21489     -0.11392
1.1   0.73183      -0.20242     -0.10603
1.2   0.72251      -0.18678     -0.096323
1.3   0.70835      -0.1685      -0.08512
1.4   0.69036      -0.14804     -0.072703
1.5   0.66939      -0.12584     -0.059327
1.6   0.64618      -0.10228     -0.045227
1.7   0.62133      -0.077689    -0.030611
1.8   0.59537      -0.052381    -0.015668
1.9   0.56874      -0.026622    -0.00056932
2     0.54179      -0.00064978  0.014535
2.1   0.51483      0.025328     0.02951
2.2   0.4881       0.051127     0.044237
2.3   0.4618       0.07659      0.058611
2.4   0.4361       0.10158      0.072539
2.5   0.41111      0.12597      0.085944
2.6   0.38693      0.14967      0.098757
2.7   0.36363      0.1726       0.11092
2.8   0.34127      0.19468      0.12238
2.9   0.31988      0.21585      0.13311
3     0.29947      0.23607      0.14306
3.1   0.28005      0.25531      0.15222
3.2   0.26162      0.27354      0.16057
3.3   0.24416      0.29075      0.16809
3.4   0.22766      0.30692      0.17477
3.5   0.21208      0.32205      0.18063
3.6   0.19742      0.33614      0.18565
3.7   0.18362      0.34921      0.18985
3.8   0.17067      0.36126      0.19322
3.9   0.15852      0.37231      0.1958
4     0.14713      0.38239      0.19759
4.1   0.13648      0.3915       0.19861
4.2   0.12653      0.39969      0.19888
4.3   0.11723      0.40697      0.19843
4.4   0.10856      0.41338      0.19727
4.5   0.10048      0.41893      0.19544
4.6   0.092954     0.42368      0.19295
4.7   0.085951     0.42764      0.18983
4.8   0.079439     0.43085      0.18612
4.9   0.073389     0.43334      0.18184
5     0.067772     0.43514      0.17702
5.1   0.062559     0.43629      0.17169
5.2   0.057726     0.43682      0.16588
5.3   0.053246     0.43676      0.15961
5.4   0.049096     0.43614      0.15291
5.5   0.045254     0.435        0.14582
5.6   0.041699     0.43337      0.13836
5.7   0.038411     0.43126      0.13056
5.8   0.035371     0.42873      0.12244
5.9   0.032562     0.42578      0.11404
6     0.029968     0.42246      0.10538
6.1   0.027573     0.41878      0.096482
6.2   0.025362     0.41478      0.087377
6.3   0.023322     0.41047      0.078086
6.4   0.021442     0.40589      0.068634
6.5   0.019708     0.40105      0.059043
6.6   0.018109     0.39598      0.049336
6.7   0.016637     0.3907       0.039535
6.8   0.015281     0.38523      0.029659
6.9   0.014033     0.37959      0.019729
7     0.012883     0.3738       0.0097634
7.1   0.011826     0.36787      -0.00021923
7.2   0.010853     0.36183      -0.010201
7.3   0.0099583    0.35568      -0.020167
7.4   0.0091355    0.34945      -0.030099
7.5   0.0083793    0.34315      -0.039983
7.6   0.0076843    0.33679      -0.049805
7.7   0.0070457    0.33039      -0.059551
7.8   0.006459     0.32395      -0.069209
7.9   0.0059203    0.31749      -0.078765
8     0.0054256    0.31102      -0.08821
8.1   0.0049715    0.30455      -0.097531
8.2   0.0045547    0.29809      -0.10672
8.3   0.0041722    0.29165      -0.11577
8.4   0.0038213    0.28523      -0.12466
8.5   0.0034994    0.27885      -0.1334
8.6   0.0032041    0.2725       -0.14197
8.7   0.0029334    0.26621      -0.15037
8.8   0.0026852    0.25997      -0.15859
8.9   0.0024577    0.25378      -0.16663
9     0.0022492    0.24766      -0.17447
9.1   0.0020581    0.24161      -0.18212
9.2   0.001883     0.23563      -0.18957
9.3   0.0017226    0.22973      -0.19682
9.4   0.0015757    0.2239       -0.20387
9.5   0.0014412    0.21816      -0.21071
9.6   0.001318     0.21251      -0.21733
9.7   0.0012052    0.20694      -0.22375
9.8   0.0011019    0.20147      -0.22995
9.9   0.0010074    0.19609      -0.23594
10    0.00092089   0.1908       -0.24171
10.1  0.00084173   0.1856       -0.24726
10.2  0.0007693    0.1805       -0.2526
10.3  0.00070303   0.1755       -0.25773
10.4  0.00064241   0.1706       -0.26264
10.5  0.00058697   0.16579      -0.26734
10.6  0.00053626   0.16109      -0.27182
10.7  0.00048988   0.15648      -0.27609
10.8  0.00044748   0.15197      -0.28015
10.9  0.00040871   0.14756      -0.28401
11    0.00037328   0.14324      -0.28765
11.1  0.00034088   0.13903      -0.2911
11.2  0.00031127   0.13491      -0.29434
11.3  0.00028421   0.13088      -0.29738
11.4  0.00025949   0.12696      -0.30022
11.5  0.00023689   0.12312      -0.30287
11.6  0.00021625   0.11938      -0.30533
11.7  0.00019739   0.11573      -0.3076
11.8  0.00018016   0.11218      -0.30969
11.9  0.00016443   0.10871      -0.31159
12    0.00015005   0.10534      -0.31332
12.1  0.00013693   0.10205      -0.31487
12.2  0.00012494   0.098842     -0.31625
12.3  0.000114     0.095724     -0.31746
12.4  0.00010401   0.092689     -0.3185
12.5  9.4883E-05   0.089736     -0.31939
12.6  8.6555E-05   0.086864     -0.32012
12.7  7.8953E-05   0.084071     -0.32069
12.8  7.2013E-05   0.081356     -0.32112
12.9  6.5679E-05   0.078717     -0.3214
13    5.9899E-05   0.076152     -0.32154
13.1  5.4624E-05   0.07366      -0.32154
13.2  4.9811E-05   0.071241     -0.3214
13.3  4.542E-05    0.068891     -0.32113
13.4  4.1414E-05   0.066609     -0.32074
13.5  3.7759E-05   0.064395     -0.32022
13.6  3.4424E-05   0.062246     -0.31959
13.7  3.1383E-05   0.060161     -0.31884
13.8  2.8609E-05   0.058139     -0.31797
13.9  2.6079E-05   0.056178     -0.317
14    2.3772E-05   0.054276     -0.31592
14.1  2.1667E-05   0.052432     -0.31474
14.2  1.9747E-05   0.050645     -0.31347
14.3  1.7996E-05   0.048913     -0.31209
14.4  1.6399E-05   0.047235     -0.31063
14.5  1.4945E-05   0.045609     -0.30908
14.6  1.3619E-05   0.044034     -0.30745
14.7  1.2409E-05   0.042509     -0.30574
14.8  1.1307E-05   0.041032     -0.30395
14.9  1.0302E-05   0.039603     -0.30208
15    9.3861E-06   0.038219     -0.30015
15.1  8.5506E-06   0.03688      -0.29815
15.2  7.7903E-06   0.035584     -0.29608
15.3  7.0978E-06   0.03433      -0.29395
15.4  6.4656E-06   0.033117     -0.29176
15.5  5.8887E-06   0.031944     -0.28952
15.6  5.3635E-06   0.030809     -0.28723
15.7  4.8854E-06   0.029712     -0.28488
15.8  4.4481E-06   0.028651     -0.28249
15.9  4.0507E-06   0.027625     -0.28005
16    3.6883E-06   0.026634     -0.27757
16.1  3.3593E-06   0.025676     -0.27505
16.2  3.058E-06    0.02475      -0.2725
16.3  2.7846E-06   0.023856     -0.26991
16.4  2.5355E-06   0.022992     -0.26728
16.5  2.3084E-06   0.022157     -0.26463
16.6  2.1018E-06   0.021351     -0.26195
16.7  1.9133E-06   0.020572     -0.25925
16.8  1.7422E-06   0.01982      -0.25652
16.9  1.5857E-06   0.019095     -0.25377
17    1.4437E-06   0.018394     -0.251
17.1  1.3148E-06   0.017717     -0.24822
17.2  1.1969E-06   0.017064     -0.24541
17.3  1.0894E-06   0.016434     -0.2426
17.4  9.911E-07    0.015826     -0.23977
17.5  9.0253E-07   0.015239     -0.23694
17.6  8.214E-07    0.014673     -0.23409
17.7  7.4743E-07   0.014127     -0.23124
17.8  6.8127E-07   0.013601     -0.22839
17.9  6.208E-07    0.013092     -0.22553
18    5.649E-07    0.012602     -0.22267
18.1  5.1304E-07   0.01213      -0.21981
18.2  4.676E-07    0.011674     -0.21694
18.3  4.2654E-07   0.011235     -0.21408
18.4  3.882E-07    0.010812     -0.21123
18.5  3.5373E-07   0.010404     -0.20838
18.6  3.2255E-07   0.01001      -0.20553
18.7  2.9386E-07   0.0096309    -0.20269
18.8  2.6613E-07   0.0092654    -0.19986
18.9  2.4156E-07   0.0089133    -0.19704
19    2.1973E-07   0.008574     -0.19422
19.1  1.9987E-07   0.008247     -0.19142
19.2  1.8154E-07   0.0079321    -0.18863
19.3  1.648E-07    0.0076287    -0.18585
19.4  1.497E-07    0.0073365    -0.18309
19.5  1.3579E-07   0.007055     -0.18034
19.6  1.223E-07    0.0067839    -0.1776
19.7  1.1136E-07   0.0065229    -0.17488
19.8  1.012E-07    0.0062715    -0.17218
19.9  9.2569E-08   0.0060294    -0.16949
20    8.3676E-08   0.0057964    -0.16682
20.1  7.685E-08    0.005572     -0.16417
20.2  6.9842E-08   0.0053561    -0.16154
20.3  6.2971E-08   0.0051482    -0.15892
20.4  5.7108E-08   0.0049481    -0.15633
20.5  5.1706E-08   0.0047555    -0.15375
20.6  4.6728E-08   0.0045701    -0.1512
20.7  4.2055E-08   0.0043917    -0.14867
20.8  3.9117E-08   0.0042201    -0.14615
20.9  3.5863E-08   0.0040549    -0.14366
21    3.2133E-08   0.003896     -0.14119
21.1  2.8832E-08   0.0037431    -0.13875
21.2  2.6766E-08   0.0035961    -0.13632
21.3  2.4762E-08   0.0034546    -0.13392
21.4  2.3022E-08   0.0033185    -0.13154
21.5  2.1514E-08   0.0031876    -0.12918
21.6  2.0597E-08   0.0030616    -0.12685
21.7  1.8539E-08   0.0029405    -0.12454
21.8  1.5978E-08   0.0028241    -0.12225
21.9  1.3991E-08   0.0027121    -0.11998
22    1.2795E-08   0.0026044    -0.11774
22.1  1.1819E-08   0.0025008    -0.11553
22.2  1.0174E-08   0.0024013    -0.11333
22.3  9.5207E-09   0.0023055    -0.11116
22.4  8.6132E-09   0.0022135    -0.10901
22.5  7.2148E-09   0.002125     -0.10689
22.6  5.8083E-09   0.0020399    -0.10479
22.7  5.0237E-09   0.0019581    -0.10271
22.8  5.0297E-09   0.0018795    -0.10066
22.9  4.3008E-09   0.001804     -0.098629
23    4.1266E-09   0.0017313    -0.096621
23.1  4.1869E-09   0.0016615    -0.094637
23.2  3.6603E-09   0.0015944    -0.092676
23.3  2.9525E-09   0.0015299    -0.090737
23.4  1.6279E-09   0.0014679    -0.088821
23.5  1.7459E-09   0.0014084    -0.086928
23.6  1.1338E-09   0.0013511    -0.085057
23.7  1.5971E-09   0.0012961    -0.083208
23.8  1.6367E-09   0.0012432    -0.081381
23.9  1.1717E-09   0.0011924    -0.079576
24    7.0417E-10   0.0011436    -0.077793
24.1  9.708E-11    0.0010967    -0.076031
24.2  7.8699E-10   0.0010516    -0.07429
24.3  8.6064E-10   0.0010082    -0.072569
24.4  1.7765E-09   0.00096657   -0.07087
24.5  2.1883E-09   0.00092654   -0.069191
24.6  1.9612E-09   0.00088807   -0.067532
24.7  1.6899E-09   0.0008511    -0.065893
24.8  8.7733E-10   0.00081557   -0.064274
24.9  1.6384E-09   0.00078141   -0.062674
25    2.0107E-09   0.00074858   -0.061094
25.1  1.9642E-09   0.00071702   -0.059532
25.2  1.479E-09    0.00068668   -0.057989
25.3  9.987E-10    0.00065752   -0.056463
25.4  1.5098E-09   0.00062947   -0.054956
25.5  8.285E-10    0.0006025    -0.053467
25.6  1.1663E-09   0.00057657   -0.051994
25.7  1.1879E-09   0.00055162   -0.050539
25.8  8.8726E-10   0.00052763   -0.049101
25.9  4.688E-10    0.00050454   -0.047678
26    -9.7925E-11  0.00048232   -0.046272
26.1  1.0395E-09   0.00046094   -0.044881
26.2  8.6447E-10   0.00044036   -0.043506
26.3  1.2633E-09   0.00042054   -0.042146
26.4  6.901E-10    0.00040145   -0.0408
26.5  4.7544E-10   0.00038306   -0.039469
26.6  6.8559E-10   0.00036534   -0.038152
26.7  1.7081E-10   0.00034825   -0.036848
26.8  4.9105E-10   0.00033178   -0.035558
26.9  -5.5999E-11  0.00031589   -0.03428
27    4.2613E-10   0.00030055   -0.033015
27.1  -1.8012E-10  0.00028574   -0.031762
27.2  -7.8768E-10  0.00027143   -0.03052
27.3  -3.5394E-10  0.0002576    -0.02929
27.4  -4.2883E-10  0.00024423   -0.028072
27.5  6.6976E-10   0.00023128   -0.026863
27.6  4.6703E-10   0.00021875   -0.025665
27.7  1.0261E-09   0.00020661   -0.024477
27.8  9.0596E-10   0.00019483   -0.023298
27.9  8.6422E-10   0.0001834    -0.022128
28    1.0698E-09   0.00017229   -0.020967
28.1  2.1116E-10   0.0001615    -0.019815
28.2  1.1661E-09   0.00015099   -0.01867
28.3  9.781E-10    0.00014075   -0.017532
28.4  1.3824E-09   0.00013076   -0.016402
28.5  7.1785E-10   0.00012101   -0.015278
28.6  3.1229E-10   0.00011148   -0.01416
28.7  2.9061E-10   0.00010215   -0.013048
28.8  -3.9647E-10  9.2997E-05   -0.011942
28.9  3.9523E-10   8.4015E-05   -0.01084
29    3.9095E-10   7.5185E-05   -0.0097432
29.1  1.6274E-09   6.6492E-05   -0.0086502
29.2  1.4206E-09   5.7919E-05   -0.0075609
29.3  4.7658E-10   4.945E-05    -0.0064748
29.4  1.9557E-11   4.1072E-05   -0.0053914
29.5  1.01E-11     3.2767E-05   -0.0043103
29.6  1.3205E-09   2.4523E-05   -0.0032311
29.7  1.0851E-09   1.6324E-05   -0.0021533
29.8  1.0025E-09   8.1549E-06   -0.0010764
