# parabolic
dx_magnitude	avg_fwd_hess_err	avg_cen_hess_err	avg_cen_u_hess_err
-10	4.9495726518151E-06	1.17748109982308E-16	1.17748109982308E-16
-11	1.20163005645569E-06	1.03451481444994E-15	1.03451481444994E-15
-12	2.98632128375932E-07	1.69316885755478E-14	1.69316885755478E-14
-13	7.51448985960921E-08	1.84839423186026E-13	1.84839423186026E-13
-14	1.75720754399673E-08	3.51575629948525E-12	3.51575629948525E-12
-15	5.59534538749556E-09	4.34869492711396E-11	4.34869492711396E-11
-16	3.55585643262214E-08	1.91710431501191E-09	1.91710431501191E-09
-17	3.21653923811305E-07	1.40107765675068E-08	1.40107765675068E-08
-18	6.82458303134184E-06	3.44706282166847E-07	3.44706282166847E-07
-19	0.000124077887074319	7.76903348554904E-06	7.76903348554904E-06
-20	0.000683190959451499	5.38891167053539E-05	5.38891167053539E-05
-21	0.0199592174185553	0.00112595192327467	0.00112595192327467
-22	0.500215829793564	0.0171975211504747	0.0171975211504747
-23	6.18052237228199	0.405390775665705	0.405390775665705
-24	68.5386081367885	8.16472956649996	8.16472956649996
-25	755.831369949316	68.4710802667558	68.4710802667558
-26	20366.3901297922	1035.59777206074	1035.59777206074
-27	378898.444360328	18788.8508528979	18788.8508528979
-28	6761600.0374195	387115.830929142	387115.830929142
-29	59395029.2276553	4568782.34454844	4568782.34454844


# himmelblau
dx_magnitude	avg_fwd_hess_err	avg_cen_hess_err	avg_cen_u_hess_err
-10	3.67168201198933	2.53197260903117E-07	2.53197260903117E-07
-11	0.855983547229736	1.48032008182452E-08	1.48032008182452E-08
-12	0.179051512398786	7.74829422611313E-10	7.74829422611313E-10
-13	0.0516569285220103	7.97000057931175E-11	7.97000057931175E-11
-14	0.0147189188821147	2.46527583132077E-10	2.46527583132077E-10
-15	0.00329613304012722	1.07754133521125E-08	1.07754133521125E-08
-16	0.000911436864974159	2.03405776585889E-07	2.03405776585889E-07
-17	0.000208165974510541	8.19926843835889E-07	8.19926843835889E-07
-18	0.00040256981159633	1.36433530393505E-05	1.36433530393505E-05
-19	0.00251702337397799	8.13247332656554E-05	8.13247332656554E-05
-20	0.0938700417838388	0.00479537568945647	0.00479537568945647
-21	2.03978606326835	0.0596146091028573	0.0596146091028573
-22	6.74853410359703	0.851613784189818	0.851613784189818
-23	337.280739235574	11.4797778649754	11.4797778649754
-24	661.144261830606	96.3224383969565	96.3224383969565
-25	74182.820714708	11571.0501961445	11571.0501961445
-26	1263515.41583351	161422.454907227	161422.454907227
-27	31067006.5661891	1268882.92297289	1268882.92297289
-28	191689455.867654	6655061.07362065	6655061.07362065
-29	7543797238.00692	386980578.83188	386980578.83188


# rosenbrock
dx_magnitude	avg_fwd_hess_err	avg_cen_hess_err	avg_cen_u_hess_err
-10	16575.7603971946	0.00112133290535699	0.00112133290535703
-11	4094.96499951061	6.9491881951619E-05	6.9491881951619E-05
-12	1080.82807121947	4.59007252588435E-06	4.59007252588435E-06
-13	239.779264479206	3.27410902820228E-07	3.27410902820228E-07
-14	61.3787612899094	1.38934506497087E-06	1.38934506497087E-06
-15	14.718343645894	5.2675549371648E-06	5.2675549371648E-06
-16	4.25349291584354	0.00153502729883563	0.00153502729883563
-17	1.02456019648812	0.00782669548220614	0.00782669548220614
-18	2.67724778339315	0.0340586771074101	0.0340586771074101
-19	105.239272070383	7.12295219194392	7.12295219194392
-20	1314.87916415649	38.6492836781608	38.6492836781608
-21	19363.3083819071	1791.45764091343	1791.45764091343
-22	47835.8160850249	6263.35548630828	6263.35548630828
-23	1303502.676575	73845.4747917484	73845.4747917484
-24	14297956.3995963	3113693.50824612	3113693.50824612
-25	334644986.584228	2762728.89109104	2762728.89109104
-26	31546683931.7852	220301087.650851	220301087.650851
-27	85678964559.8456	7418903422.97864	7418903422.97864
-28	367006162719.2	188060287750.368	188060287750.368
-29	74688656412973.7	392197597687.8	392197597687.8


# gradient parabolic
dx_magnitude	avg_fwd_hess_err	avg_cen_hess_err	avg_cen_u_hess_err
-10	0.000171258066576535	2.2422802322369E-23	2.2422802322369E-23
-11	4.37981804710062E-05	9.70342496320389E-23	9.70342496320389E-23
-12	1.07472899880813E-05	3.9983854386867E-22	3.9983854386867E-22
-13	2.72602754712507E-06	1.60590108467545E-21	1.60590108467545E-21
-14	6.76846790031385E-07	6.14887208798555E-21	6.14887208798555E-21
-15	1.74180424397334E-07	2.11011716658388E-20	2.11011716658388E-20
-16	4.26479772610083E-08	8.65042812300303E-20	8.65042812300303E-20
-17	1.06162160012614E-08	3.73230739039011E-19	3.73230739039011E-19
-18	2.68538590585238E-09	1.7590105394819E-18	1.7590105394819E-18
-19	6.76597021110235E-10	6.70785981785055E-18	6.70785981785055E-18
-20	1.69007206474371E-10	2.37746868431179E-17	2.37746868431179E-17
-21	4.16419860699935E-11	9.96049875435E-17	9.96049875435E-17
-22	1.05345095629068E-11	4.02102874832788E-16	4.02102874832788E-16
-23	2.6830306286096E-12	1.54859620854314E-15	1.54859620854314E-15
-24	7.77638806929324E-13	7.32024838821738E-15	7.32024838821738E-15
-25	5.07967621381002E-13	2.39624531038292E-14	2.39624531038292E-14
-26	1.45087180425708E-12	9.67598175208321E-14	9.67598175208321E-14
-27	5.58743382434988E-12	3.7167295807504E-13	3.7167295807504E-13
-28	2.26417115248196E-11	1.54513949531683E-12	1.54513949531683E-12
-29	1.03659512790002E-10	7.16737192843525E-12	7.16737192843525E-12


# gradient himmelblau
dx_magnitude	avg_fwd_hess_err	avg_cen_hess_err	avg_cen_u_hess_err
-10	8.87236482578625	6.48971418726701E-05	6.48971418726701E-05
-11	2.37993002524354	4.36258980132422E-06	4.36258980132422E-06
-12	0.561953740046508	2.58528768455823E-07	2.58528768455823E-07
-13	0.137724132745849	1.57887470596613E-08	1.57887470596613E-08
-14	0.0347279066068445	9.97891844525232E-10	9.97891844525232E-10
-15	0.00869409332791782	6.23640084889221E-11	6.23640084889221E-11
-16	0.00219297547951025	3.9373514775319E-12	3.9373514775319E-12
-17	0.00053552352748611	2.40958077110198E-13	2.40958077110198E-13
-18	0.00013666470570517	1.67371588585865E-14	1.67371588585865E-14
-19	3.51280290871919E-05	4.75080473958702E-15	4.75080473958702E-15
-20	8.95119638768452E-06	1.43482972655234E-14	1.43482972655234E-14
-21	2.0485089888129E-06	6.58026808287521E-14	6.58026808287521E-14
-22	5.32685209717148E-07	2.5310990952898E-13	2.5310990952898E-13
-23	1.31539172060262E-07	9.16333889193654E-13	9.16333889193654E-13
-24	3.5132667056747E-08	4.4590185576826E-12	4.4590185576826E-12
-25	8.50347340911474E-09	1.44703382244957E-11	1.44703382244957E-11
-26	2.33751074939056E-09	6.19269178387052E-11	6.19269178387052E-11
-27	1.64341395433672E-09	2.37686537780158E-10	2.37686537780158E-10
-28	5.70428989322465E-09	1.00088613726922E-09	1.00088613726922E-09
-29	1.88118297493549E-08	3.95907540852622E-09	3.95907540852622E-09


# gradient rosenbrock
dx_magnitude	avg_fwd_hess_err	avg_cen_hess_err	avg_cen_u_hess_err
-10	54179.1222965346	0.366464201097612	0.366464201097612
-11	12322.4291946478	0.0208957439496696	0.0208957439496696
-12	3155.39267399899	0.0013331035225462	0.0013331035225462
-13	723.254516643631	7.66171335131634E-05	7.66171335131634E-05
-14	189.651122688337	5.01956780278076E-06	5.01956780278076E-06
-15	49.4683897009116	3.2732735407054E-07	3.2732735407054E-07
-16	12.9983393857207	2.14220838983858E-08	2.14220838983858E-08
-17	3.02958585129092	1.25477413425123E-09	1.25477413425123E-09
-18	0.712085195753269	8.3917173185023E-11	8.3917173185023E-11
-19	0.20796593807939	4.08080046383877E-11	4.08080046383877E-11
-20	0.0470110592284654	9.14127513138058E-11	9.14127513138058E-11
-21	0.0115111564695631	4.53893468766726E-10	4.53893468766726E-10
-22	0.00304208612687235	1.87541556146356E-09	1.87541556146356E-09
-23	0.000753767592707087	6.6595071956996E-09	6.6595071956996E-09
-24	0.000168308083812342	2.40112145391861E-08	2.40112145391861E-08
-25	4.81131791322369E-05	1.11373643112075E-07	1.11373643112075E-07
-26	1.4331397062722E-05	4.35473026956103E-07	4.35473026956103E-07
-27	1.21058178746953E-05	1.6330231858936E-06	1.6330231858936E-06
-28	3.21528123537837E-05	6.21877167029243E-06	6.21877167029243E-06
-29	0.000134898331492463	2.77980086005206E-05	2.77980086005206E-05


